Ülesanne 1, Bubble sort simulatsioon

Liigutame 64ja
64, 34, 25, 12, 22, 11, 90
34, 64, 25 ,12, 22, 11, 90
34, 25, 64, 12, 22, 11, 90
34, 25, 12, 64 ,22, 11, 90
34, 25, 12, 22, 64, 11, 90
34, 25, 12, 22, 11, 64, 90

Liigutame 34ja

24, 34, 12, 22, 11, 64, 90
24, 12, 34, 22, 11, 64, 90
24, 12, 22, 34, 11, 64, 90
24, 12, 22, 11, 34, 64, 90

Liigutame 24ja

12, 24, 22, 11, 34, 64, 90
12, 22, 24, 11, 34, 64, 90
12, 22, 11, 24, 34, 64, 90

Liigutame 12st
12, 11, 22, 24, 34, 64, 90

Liigutame 11st

11, 12, 22, 24, 34, 64, 90

